1) 4.0   1.2732395447351628
2) 2.0   0.6366197723675814
3) 2.6666666666666665   0.8488263631567751
4) 3.0   0.954929658551372
5) 2.4   0.7639437268410976
6) 2.6666666666666665   0.8488263631567751
7) 2.857142857142857   0.9094568176679734
8) 3.0   0.954929658551372
9) 3.111111111111111   0.9902974236829044
10) 2.8   0.8912676813146139
11) 2.909090909090909   0.9259923961710275
12) 3.0   0.954929658551372
13) 3.076923076923077   0.9794150344116637
14) 3.142857142857143   1.0004024994347707
15) 3.2   1.0185916357881302
16) 3.25   1.0345071300973196
17) 3.2941176470588234   1.0485502133113105
18) 3.3333333333333335   1.061032953945969
19) 3.3684210526315788   1.0722017218822422
20) 3.2   1.0185916357881302
21) 3.238095238095238   1.0307177266903698
22) 3.272727272727273   1.041741445692406
23) 3.130434782608696   0.9964483393579535
24) 3.1666666666666665   1.0079813062486704
25) 3.04   0.9676620539987237
26) 3.076923076923077   0.9794150344116637
27) 3.111111111111111   0.9902974236829044
28) 3.142857142857143   1.0004024994347707
29) 3.0344827586206895   0.9659058615232269
30) 3.066666666666667   0.9761503176302915
31) 3.096774193548387   0.9857338410852873
32) 3.125   0.9947183943243458
33) 3.1515151515151514   1.0031584291852798
34) 3.176470588235294   1.0111019914073351
35) 3.2   1.0185916357881302
36) 3.2222222222222223   1.0256651888144366
37) 3.2432432432432434   1.032356387623105
38) 3.1578947368421053   1.0051891142646021
39) 3.1794871794871793   1.0120622022253858
40) 3.2   1.0185916357881302
41) 3.2195121951219514   1.0248025603965945
42) 3.238095238095238   1.0307177266903698
43) 3.255813953488372   1.0363577689704813
44) 3.272727272727273   1.041741445692406
45) 3.2888888888888888   1.046885847893356
46) 3.3043478260869565   1.0518065804333954
47) 3.234042553191489   1.0294277170199186
48) 3.25   1.0345071300973196
49) 3.183673469387755   1.0133947396871703
50) 3.12   0.993126844893427
51) 3.1372549019607843   0.9986192507726767
52) 3.076923076923077   0.9794150344116637
53) 3.018867924528302   0.9609355054605002
54) 2.962962962962963   0.9431404035075279
55) 2.909090909090909   0.9259923961710275
56) 2.9285714285714284   0.9321932381096727
57) 2.8771929824561404   0.9158389707744153
58) 2.8275862068965516   0.9000486436920978
59) 2.847457627118644   0.9063739132013022
60) 2.8666666666666667   0.9124883403935333
61) 2.819672131147541   0.8975295151411803
62) 2.838709677419355   0.9035893543281801
63) 2.7936507936507935   0.8892466661642406
64) 2.8125   0.8952465548919113
65) 2.830769230769231   0.9010618316587305
66) 2.8484848484848486   0.9067008879174644
67) 2.8656716417910446   0.912171614138624
68) 2.8823529411764706   0.9174814366473967
69) 2.898550724637681   0.9226373512573643
70) 2.914285714285714   0.9276459540213328
71) 2.9295774647887325   0.9325134693834995
72) 2.9444444444444446   0.937245775985606
73) 2.958904109589041   0.9418484303520381
74) 2.972972972972973   0.9463266886545127
75) 2.986666666666667   0.9506855267355883
76) 2.9473684210526314   0.938176506646962
77) 2.961038961038961   0.9425279746740816
78) 2.9743589743589745   0.9467678665979415
79) 2.9873417721518987   0.9509004194857544
80) 3.0   0.954929658551372
81) 3.0123456790123457   0.9588594102326534
82) 3.024390243902439   0.9626933143119523
83) 3.036144578313253   0.9664348351604247
84) 3.0476190476190474   0.9700872721791716
85) 3.011764705882353   0.9586744807417695
86) 3.0232558139534884   0.9623322140440184
87) 3.0344827586206895   0.9659058615232269
88) 3.0454545454545454   0.9693982897415443
89) 3.0112359550561796   0.9585061741264708
90) 3.022222222222222   0.9620032115776785
91) 3.032967032967033   0.9654233910629255
92) 3.0   0.954929658551372
93) 2.967741935483871   0.9446615977067336
94) 2.978723404255319   0.9481571077815041
95) 2.9894736842105263   0.95157902817049
96) 3.0   0.954929658551372
97) 3.0103092783505154   0.9582112037697617
98) 2.979591836734694   0.9484335384251723
99) 2.9494949494949494   0.9388534016734028
100) 2.96   0.9421972631040204
1000) 3.112   0.9905803658039566
10000) 3.1456   1.001275577979732
100000) 3.13624   0.9982961974450517
1000000) 3.140744   0.9997298651724236
